7158.977181	0.0016367	86.3876	217.3307	92.2436		330.3728
7132.572465	0.0008567	86.3885	206.8597	259.2815	100.742
7157.225222	0.0016758	86.4093	225.6886	66.395		83.5497
7142.624393	0.0013418	86.4057	215.6465	86.7898		273.4835
7139.134282	0.000966	86.3515	195.8731	72.9025		287.323
7151.477565	0.0013905	86.3473	200.4505	61.4089		358.3892
7153.72923	0.0016357	86.3715	210.5387	57.637		2.9945
7117.663455	0.0054554	86.4182	211.5479	182.7769	306.5546
6999.642897	0.0023139	86.4092	207.5929	244.5023	162.6349
7083.046242	0.002417	86.372	186.4841	359.6385	0.4801
7122.27229	0.0011298	86.4058	213.8801	28.1396		34.9043
7085.367424	0.0032214	86.4197	197.8937	15.4416		344.7767
7042.864597	0.0031176	86.4109	177.9106	218.7456	183.4541
7165.791404	0.0078429	86.2923	207.2232	256.796		162.5757
7067.679478	0.0041399	86.3827	193.9198	266.5656	93.0818
7139.516091	0.0020175	86.3984	220.0054	37.3715		78.089
7135.103935	0.0007607	86.3992	209.8255	179.8703	242.4008
7055.559175	0.0038677	86.3599	201.0958	324.1231	35.7384
7161.539523	0.0068218	86.3586	230.8456	225.9003	133.6567
7226.466457	0.013128	86.3021	235.7536	90.0513		48.3893
6962.240648	0.0018695	86.1335	69.2245		99.5418		22.4209
7116.231104	0.0011763	86.3853	199.7244	145.3869	342.3959
7137.914964	0.0069328	86.3657	230.1603	179.0983	181.0354
7136.024489	0.004882	86.346	204.3729	78.656		282.0118
7090.696581	0.0025557	86.3506	190.7976	199.2622	218.3048
7057.068851	0.0008216	86.2258	119.7802	305.1746	168.2215
7102.660983	0.0009802	86.3739	195.8553	319.4435	40.6038
7094.632208	0.0014818	86.3892	195.589		110.3392	310.3993
7008.393939	0.0011254	86.1975	110.9791	203.2896	213.3569
7083.14672	0.0032646	86.4108	219.0688	22.1537		338.1073
7138.529582	0.0024435	86.3316	185.5832	87.0151		314.9401
7153.408091	0.0008707	86.3064	183.5047	99.3467		313.4201
7070.725406	0.0006683	86.3951	198.2464	254.3321	228.1047
7022.963324	0.0020904	86.1349	81.4226		213.0385	286.7047
7086.450477	0.0052916	86.3864	208.1841	351.4007	8.6288
7102.167223	0.0015268	86.3659	188.8288	122.1471	292.345
7037.94478	0.0023066	86.3615	171.1493	209.1097	150.8835
7161.051219	0.0032129	86.3566	209.3423	131.0844	229.3134
7118.889308	0.0143948	86.3658	252.0046	355.6282	4.365
7136.424635	0.0048613	86.3293	202.857		109.3753	251.271
7018.119453	0.0014867	86.3684	185.5963	213.4102	146.618
7190.449125	0.0078048	86.3804	242.703		280.9709	78.2708
7153.486984	0.0024977	86.3835	217.5925	85.967		28.4605
7044.843592	0.0022095	86.3467	164.6905	9.2164		61.2835
6948.656758	0.0006157	86.3908	177.2549	205.5564	154.5364
7117.429009	0.0067783	86.1075	134.7089	234.5402	124.9462
7189.474953	0.0121671	86.375	263.7066	53.0985		69.296
7080.099036	0.0031721	86.4184	218.0892	328.6997	163.4697
7105.446443	0.0004718	86.2787	160.7907	183.7194	233.8025
7033.768751	0.0026436	86.4216	210.1685	76.2719		347.0322
7026.189417	0.0006061	86.3681	178.1798	55.8679		9.5247
7128.460161	0.0006464	86.3905	206.8979	347.1721	83.1697
6977.194562	0.0007094	86.3513	164.8177	40.4474		319.7279
7189.340921	0.0088218	86.3904	251.4359	337.091		141.2905
7150.653361	0.0039905	86.291	182.9012	120.4478	300.6019
7144.214998	0.0009815	86.3685	200.8858	109.2304	250.9956
7122.40444	0.001609	86.3965	205.8502	47.7104		3.3302
7109.47628	0.0011082	86.3937	200.5722	126.0161	305.2467
7068.557798	0.0040942	86.4267	204.4135	279.1288	80.5291
7137.259586	0.0103473	86.3164	217.09		222.3817	136.9357
7107.5414	0.0058799	86.3565	217.703		121.1676	239.5312
7018.443393	0.004033	86.3273	169.3336	178.945		233.3187
7115.354455	0.0002851	86.2755	159.7583	274.6631	212.817
7101.806102	0.0041415	86.3569	206.0042	64.6309		59.1079
7102.0082	0.0071168	86.3862	229.4975	125.3417	277.13
7031.790651	0.0011798	86.397	194.0973	301.8077	58.199
7107.227646	0.003555	86.3482	195.2961	30.7619		329.5659
7170.027392	0.0064388	86.3709	234.7145	245.1		237.8321
7114.155787	0.0027843	86.3919	213.6799	9.6371		117.8303
7085.700661	0.0051327	86.3692	215.2887	83.3629		329.9365
7059.975354	0.0039322	86.3504	179.4473	291.3664	124.4185
7001.152124	0.0038653	86.3341	141.651		168.6372	311.2922
6990.23326	0.0019051	86.3574	181.4353	167.8835	192.2852
6926.63525	0.0024275	86.2926	122.1537	148.6399	333.5258
7044.301064	0.0018326	86.347	182.8016	253.5375	158.6422
7206.24572	0.0100448	86.2078	189.9702	20.3092		340.2045
7306.622925	0.0239338	86.0063	181.0163	137.8679	289.7806
7100.34863	0.003457	86.3873	206.6384	10.5303		349.6618
7081.884743	0.0012296	86.3839	204.5888	239.1039	179.7762
7023.938581	0.0015116	86.3344	158.6511	181.8962	235.8674
7016.352422	0.0005992	86.3382	155.8545	247.1259	112.9328
7060.613654	0.0021932	86.2707	152.0527	293.0739	66.816
7068.066521	0.0015077	86.3554	182.1049	313.5514	46.4443
7072.107727	0.0014438	86.3864	196.2022	258.5954	101.3634
7076.161045	0.0014079	86.3694	191.9798	257.2388	159.7678
7022.065939	0.006635	86.4351	231.7405	342.0555	17.8321
7153.401221	0.0113088	86.3782	252.4822	339.2259	20.4358
7071.383527	0.0051061	86.3468	203.3856	24.8123		335.5526
7142.164025	0.0025308	86.3963	218.0145	71.4155		342.8723
7147.190837	0.000539	86.379	208.8343	19.5931		102.9459
7151.757944	0.0039827	86.3142	197.7443	128.0572	232.4229
7078.175824	0.005107	86.3313	251.5802	347.1365	12.8537
7123.789016	0.0020312	86.3676	197.1772	48.8115		311.4833
7081.627485	0.0014977	86.4309	212.5359	180.5249	232.9683
7148.288103	0.0029662	86.3804	215.7892	99.6982		325.8062
7093.33278	0.0033191	86.3388	169.4787	327.2782	32.6368
7151.209514	0.0018834	86.3937	219.1084	53.6115		68.8572
7101.695131	0.001958	86.4151	203.9411	9.3147		56.366
7137.450556	0.0034409	86.348	189.3526	76.4077		336.2232
7222.011807	0.0179567	86.313	263.6273	258.2223	99.8771
